171
14
13
21
26
27
28
29
49
168
72
78
1
112
164
127
116
117
118
119
124
139
140
141
6
7
22
23
24
25
150
147
136
129
128
130
132
111
81
79
82
80
0
110
109
99
102
120
121
122
162
123
101
98
90
91
94
96
97
165
104
114
115
113
131
133
169
9
4
5
152
142
143
148
149
161
160
151
32
158
36
157
34
156
40
35
33
30
31
41
155
42
44
45
47
48
51
59
66
63
64
56
55
46
39
75
11
10
76
74
12
18
19
170
73
77
2
3
15
159
16
17
20
37
38
50
52
53
43
54
58
57
62
61
65
88
153
87
83
84
69
92
154
89
85
71
60
68
67
167
70
86
93
166
108
107
106
105
95
163
100
103
126
125
146
145
144
137
138
135
134
8
14
