171
77
78
82
79
80
81
3
4
5
169
112
135
138
139
140
6
7
8
9
10
76
74
75
11
12
13
18
19
20
158
32
37
73
111
127
146
145
144
143
142
152
151
14
15
159
16
17
21
29
22
23
24
25
161
160
141
134
131
113
115
116
117
118
119
162
102
103
108
166
93
92
91
87
86
83
71
50
51
52
53
43
54
58
59
60
68
67
167
70
69
65
64
56
57
62
61
66
63
55
42
41
155
156
34
35
36
39
40
44
45
46
47
48
49
170
168
72
2
1
0
110
109
107
106
105
98
95
94
96
97
165
104
114
164
126
125
124
120
121
122
123
101
100
163
99
90
154
89
88
153
85
84
38
157
33
31
30
28
27
26
150
149
148
147
137
136
129
128
130
132
133
77
