358
153
65
168
70
191
192
230
276
204
60
189
30
104
5
133
322
200
134
232
249
39
17
120
236
333
166
89
46
170
339
8
15
246
81
6
284
23
185
75
243
49
78
97
208
177
340
281
324
210
173
321
176
275
342
285
240
317
252
335
268
4
125
108
79
169
356
101
158
149
300
90
0
102
91
229
115
259
260
270
329
214
41
151
143
203
73
62
34
9
217
201
88
123
345
193
36
29
337
241
311
245
139
106
306
336
84
33
164
320
116
93
198
163
7
199
54
57
86
47
319
261
330
257
138
113
147
10
27
96
234
267
209
167
56
242
137
136
85
269
72
172
295
94
37
28
16
117
135
305
181
148
222
328
24
129
247
283
347
83
130
111
195
52
20
186
107
289
235
202
157
103
175
307
226
154
297
304
51
19
298
26
112
109
277
18
263
282
274
254
318
258
190
124
309
334
127
98
87
291
187
205
272
140
110
99
228
327
248
45
25
38
92
238
182
323
351
197
256
160
105
161
152
349
331
227
315
146
219
196
279
308
122
188
58
50
255
348
292
178
184
310
77
42
244
67
253
48
74
223
66
14
194
131
344
288
174
145
32
31
225
11
278
213
35
302
301
150
216
142
352
183
265
207
126
303
206
354
61
179
218
296
141
264
341
280
231
171
251
237
355
343
287
239
69
82
95
68
22
326
273
119
100
316
224
233
63
350
262
332
180
286
118
290
159
44
40
59
121
13
3
71
53
266
43
215
294
128
293
221
338
325
211
156
2
212
346
55
162
357
314
220
250
12
76
21
80
1
144
271
64
155
353
313
132
114
165
312
299
153
