358
325
47
321
356
101
45
8
84
33
322
216
236
40
161
152
146
72
172
343
313
132
114
333
156
30
257
77
18
170
351
304
35
42
174
7
247
345
94
129
185
23
151
143
240
192
26
112
60
337
323
231
20
135
225
11
246
6
15
81
284
308
212
102
226
254
318
272
187
205
262
332
91
186
107
289
159
121
70
311
245
217
201
87
291
167
145
56
326
168
154
124
353
287
221
244
148
166
140
110
99
76
1
69
39
211
306
302
344
288
136
85
269
49
5
199
209
52
104
118
183
265
92
275
342
264
341
62
190
271
223
130
349
206
113
268
162
133
329
290
263
27
96
237
355
32
31
256
160
105
179
173
340
281
295
193
228
71
213
177
150
331
93
198
127
98
357
334
10
232
53
144
123
51
78
63
115
296
299
34
9
282
200
155
97
297
197
86
350
241
274
17
285
219
196
229
309
178
320
64
117
249
210
108
55
68
22
36
29
111
195
122
303
301
324
207
235
294
255
184
116
90
298
2
54
100
208
67
95
128
293
120
158
149
180
165
66
14
126
202
58
243
220
250
48
73
280
194
131
315
270
176
189
182
300
252
335
317
233
19
171
24
203
74
259
260
214
339
204
103
37
28
61
59
3
238
57
266
278
16
88
286
346
310
239
305
279
327
191
230
46
352
79
222
316
224
4
125
164
218
312
141
80
0
21
82
253
175
307
137
283
347
83
157
248
134
142
109
277
336
147
227
319
50
43
38
119
188
13
44
258
234
267
75
89
276
354
314
153
65
251
138
12
169
348
292
41
330
261
242
163
25
215
338
273
139
106
181
328
325
